55.944425,-3.188396,SSE,55.944147836140246,-3.1882811949702905,73.369385,326.07883
55.944147836140246,-3.1882811949702905,SE,55.94393570410589,-3.1880690629359347,47.426975,314.66034
55.94393570410589,-3.1880690629359347,NW,55.944147836140246,-3.1882811949702905,47.426975,313.41034
55.944147836140246,-3.1882811949702905,SW,55.94393570410589,-3.1884933270046463,47.426975,312.16034
55.94393570410589,-3.1884933270046463,SW,55.943723572071534,-3.188705459039002,47.426975,310.91034
55.943723572071534,-3.188705459039002,SW,55.94351144003718,-3.188917591073358,104.06554,393.3224
55.94351144003718,-3.188917591073358,WSW,55.94339663500747,-3.189194754933111,104.06554,392.0724
55.94339663500747,-3.189194754933111,E,55.94339663500747,-3.188894754933111,104.06554,390.8224
55.94339663500747,-3.188894754933111,SW,55.94318450297311,-3.189106886967467,104.06554,389.5724
55.94318450297311,-3.189106886967467,SW,55.942972370938755,-3.1893190190018226,104.06554,388.3224
55.942972370938755,-3.1893190190018226,WSW,55.942857565909044,-3.189596182861576,104.06554,387.0724
55.942857565909044,-3.189596182861576,SW,55.94264543387469,-3.1898083148959318,153.50397,455.65512
55.94264543387469,-3.1898083148959318,W,55.9427602389044,-3.190085478755685,153.50397,454.40512
55.9427602389044,-3.190085478755685,ESE,55.94264543387469,-3.1898083148959318,153.50397,453.15512
55.94264543387469,-3.1898083148959318,W,55.94264543387469,-3.190108314895932,153.50397,451.90512
55.94264543387469,-3.190108314895932,W,55.94264543387469,-3.190408314895932,153.50397,450.65512
55.94264543387469,-3.190408314895932,W,55.94264543387469,-3.1907083148959323,153.50397,449.40512
55.94264543387469,-3.1907083148959323,W,55.9427602389044,-3.1909854787556857,231.1594,531.647
55.9427602389044,-3.1909854787556857,WSW,55.94264543387469,-3.191262642615439,231.1594,530.397
55.94264543387469,-3.191262642615439,ENE,55.9427602389044,-3.1909854787556857,231.1594,529.147
55.9427602389044,-3.1909854787556857,NNW,55.943037402764155,-3.1911002837853952,231.1594,527.897
55.943037402764155,-3.1911002837853952,NNW,55.94331456662391,-3.1912150888151047,162.70642,522.6973
55.94331456662391,-3.1912150888151047,N,55.943614566623914,-3.1912150888151047,224.40393,542.8119
55.943614566623914,-3.1912150888151047,NNW,55.94389173048367,-3.1913298938448142,268.71796,547.17554
55.94389173048367,-3.1913298938448142,SSE,55.943614566623914,-3.1912150888151047,268.71796,545.92554
55.943614566623914,-3.1912150888151047,NW,55.94382669865827,-3.1914272208494605,268.71796,544.67554
55.94382669865827,-3.1914272208494605,NW,55.94403883069263,-3.1916393528838163,284.37317,584.18896
55.94403883069263,-3.1916393528838163,W,55.94403883069263,-3.1919393528838165,284.37317,582.93896
55.94403883069263,-3.1919393528838165,E,55.94403883069263,-3.1916393528838163,284.37317,581.68896
55.94403883069263,-3.1916393528838163,NNE,55.94431599455238,-3.1915245478541068,376.46802,585.5341
55.94431599455238,-3.1915245478541068,N,55.944615994552386,-3.1915245478541068,465.62677,687.07495
55.944615994552386,-3.1915245478541068,S,55.94431599455238,-3.1915245478541068,465.62677,685.82495
55.94431599455238,-3.1915245478541068,NNE,55.94459315841214,-3.1914097428243973,465.62677,684.57495
55.94459315841214,-3.1914097428243973,NNE,55.944870322271896,-3.1912949377946878,465.62677,683.32495
55.944870322271896,-3.1912949377946878,NNE,55.94514748613165,-3.1911801327649783,529.5567,799.9546
55.94514748613165,-3.1911801327649783,N,55.945447486131656,-3.1911801327649783,529.5567,798.7046
55.945447486131656,-3.1911801327649783,S,55.94514748613165,-3.1911801327649783,529.5567,797.4546
55.94514748613165,-3.1911801327649783,E,55.94514748613165,-3.190880132764978,529.5567,796.2046
55.94514748613165,-3.190880132764978,E,55.94514748613165,-3.190580132764978,529.5567,794.9546
55.94514748613165,-3.190580132764978,ENE,55.94526229116136,-3.1903029689052245,645.3291,879.7618
55.94526229116136,-3.1903029689052245,WSW,55.94514748613165,-3.190580132764978,645.3291,878.5118
55.94514748613165,-3.190580132764978,SSE,55.944870322271896,-3.1904653277352684,645.3291,877.2618
55.944870322271896,-3.1904653277352684,SE,55.94465819023754,-3.1902531957009126,706.12683,912.5299
55.94465819023754,-3.1902531957009126,W,55.94465819023754,-3.190553195700913,706.12683,911.2799
55.94465819023754,-3.190553195700913,ESE,55.94454338520783,-3.1902760318411594,716.90436,971.77216
55.94454338520783,-3.1902760318411594,ESE,55.94442858017812,-3.189998867981406,716.90436,970.52216
55.94442858017812,-3.189998867981406,NNW,55.944705744037876,-3.1901136730111155,716.90436,969.27216
55.944705744037876,-3.1901136730111155,ESE,55.944590939008165,-3.189836509151362,812.98645,1002.60724
55.944590939008165,-3.189836509151362,ENE,55.944705744037876,-3.1895593452916087,812.98645,1001.35724
55.944705744037876,-3.1895593452916087,W,55.944705744037876,-3.189859345291609,812.98645,1000.10724
55.944705744037876,-3.189859345291609,SW,55.94449361200352,-3.1900714773259646,812.98645,998.85724
55.94449361200352,-3.1900714773259646,SW,55.94428147996916,-3.1902836093603204,812.98645,997.60724
55.94428147996916,-3.1902836093603204,SSW,55.94400431610941,-3.19039841439003,835.2806,1007.41583
55.94400431610941,-3.19039841439003,W,55.94411912113912,-3.1906755782497833,835.2806,1006.16583
55.94411912113912,-3.1906755782497833,ESE,55.94400431610941,-3.19039841439003,835.2806,1004.91583
55.94400431610941,-3.19039841439003,NE,55.94421644814376,-3.190186282355674,835.2806,1003.66583
55.94421644814376,-3.190186282355674,NE,55.94442858017812,-3.1899741503213184,835.2806,1002.41583
55.94442858017812,-3.1899741503213184,NE,55.944640712212475,-3.1897620182869626,835.2806,1001.16583
55.944640712212475,-3.1897620182869626,NNE,55.94491787607223,-3.189647213257253,835.2806,999.91583
55.94491787607223,-3.189647213257253,NE,55.94513000810659,-3.1894350812228973,835.2806,998.66583
55.94513000810659,-3.1894350812228973,NNE,55.945407171966345,-3.189320276193188,835.2806,997.41583
55.945407171966345,-3.189320276193188,NE,55.9456193040007,-3.189108144158832,915.9111,1112.0123
55.9456193040007,-3.189108144158832,N,55.945919304000704,-3.189108144158832,915.9111,1110.7623
55.945919304000704,-3.189108144158832,S,55.9456193040007,-3.189108144158832,915.9111,1109.5123
55.9456193040007,-3.189108144158832,E,55.9456193040007,-3.188808144158832,937.80426,1209.2512
55.9456193040007,-3.188808144158832,W,55.9456193040007,-3.189108144158832,937.80426,1208.0012
55.9456193040007,-3.189108144158832,E,55.9456193040007,-3.188808144158832,937.80426,1206.7512
55.9456193040007,-3.188808144158832,E,55.9456193040007,-3.1885081441588317,937.80426,1205.5012
55.9456193040007,-3.1885081441588317,E,55.9456193040007,-3.1882081441588315,937.80426,1204.2512
55.9456193040007,-3.1882081441588315,ENE,55.94573410903041,-3.187930980299078,937.80426,1203.0012
55.94573410903041,-3.187930980299078,E,55.94573410903041,-3.187630980299078,948.63824,1284.3203
55.94573410903041,-3.187630980299078,NE,55.94594624106477,-3.187418848264722,948.63824,1283.0703
55.94594624106477,-3.187418848264722,SW,55.94573410903041,-3.187630980299078,948.63824,1281.8203
55.94573410903041,-3.187630980299078,SE,55.945521976996055,-3.187418848264722,948.63824,1280.5703
55.945521976996055,-3.187418848264722,SSE,55.9452448131363,-3.1873040432350126,948.63824,1279.3203
55.9452448131363,-3.1873040432350126,SE,55.94503268110194,-3.187091911200657,997.9092,1291.145
55.94503268110194,-3.187091911200657,W,55.94503268110194,-3.187391911200657,997.9092,1289.895
55.94503268110194,-3.187391911200657,SE,55.944820549067586,-3.1871797791663012,997.9092,1288.645
55.944820549067586,-3.1871797791663012,SE,55.94460841703323,-3.1869676471319455,997.9092,1287.395
55.94460841703323,-3.1869676471319455,SE,55.944396284998874,-3.1867555150975897,993.46234,1181.8961
55.944396284998874,-3.1867555150975897,SSE,55.94411912113912,-3.18664071006788,1104.0713,1252.0576
55.94411912113912,-3.18664071006788,NNW,55.944396284998874,-3.1867555150975897,1104.0713,1250.8076
55.944396284998874,-3.1867555150975897,SSE,55.94411912113912,-3.18664071006788,1104.0713,1249.5576
55.94411912113912,-3.18664071006788,SE,55.94390698910476,-3.1864285780335244,1135.733,1327.879
55.94390698910476,-3.1864285780335244,SSE,55.943629825245004,-3.186313773003815,1135.733,1326.629
55.943629825245004,-3.186313773003815,NNW,55.94390698910476,-3.1864285780335244,1135.733,1325.379
55.94390698910476,-3.1864285780335244,ESE,55.94379218407505,-3.186151414173771,1135.733,1324.129
55.94379218407505,-3.186151414173771,E,55.94379218407505,-3.185851414173771,1135.733,1322.879
55.94379218407505,-3.185851414173771,E,55.94379218407505,-3.1855514141737706,1212.9481,1330.7848
55.94379218407505,-3.1855514141737706,W,55.94390698910476,-3.185828578033524,1212.9481,1329.5348
55.94390698910476,-3.185828578033524,SSE,55.943629825245004,-3.1857137730038145,1212.9481,1328.2848
55.943629825245004,-3.1857137730038145,SSE,55.94335266138525,-3.185598967974105,1212.9481,1327.0348
55.94335266138525,-3.185598967974105,S,55.943052661385245,-3.185598967974105,1248.0878,1386.1261
55.943052661385245,-3.185598967974105,SSE,55.94277549752549,-3.1854841629443955,1248.0878,1384.8761
55.94277549752549,-3.1854841629443955,NNW,55.943052661385245,-3.185598967974105,1248.0878,1383.6261
55.943052661385245,-3.185598967974105,NE,55.9432647934196,-3.1853868359397493,1248.0878,1382.3761
55.9432647934196,-3.1853868359397493,NE,55.94347692545396,-3.1851747039053935,1248.0878,1381.1261
55.94347692545396,-3.1851747039053935,NE,55.943689057488314,-3.1849625718710377,1248.0878,1379.8761
55.943689057488314,-3.1849625718710377,ENE,55.943803862518024,-3.1846854080112843,1333.9636,1454.6409
55.943803862518024,-3.1846854080112843,NNE,55.94408102637778,-3.184570602981575,1333.9636,1453.3909
55.94408102637778,-3.184570602981575,SSW,55.943803862518024,-3.1846854080112843,1333.9636,1452.1409
55.943803862518024,-3.1846854080112843,N,55.94410386251803,-3.1846854080112843,1333.9636,1450.8909
55.94410386251803,-3.1846854080112843,N,55.94440386251803,-3.1846854080112843,1333.9636,1449.6409
55.94440386251803,-3.1846854080112843,N,55.94470386251803,-3.1846854080112843,1333.9636,1448.3909
55.94470386251803,-3.1846854080112843,NNW,55.94498102637779,-3.184800213040994,1366.7565,1534.2509
55.94498102637779,-3.184800213040994,N,55.94528102637779,-3.184800213040994,1316.6489,1414.4712
55.94528102637779,-3.184800213040994,S,55.94498102637779,-3.184800213040994,1316.6489,1413.2212
55.94498102637779,-3.184800213040994,NNE,55.945258190237546,-3.1846854080112843,1316.6489,1411.9712
55.945258190237546,-3.1846854080112843,NNE,55.9455353540973,-3.184570602981575,1316.6489,1410.7212
55.9455353540973,-3.184570602981575,NNE,55.94581251795706,-3.1844557979518653,1386.1074,1525.5555
55.94581251795706,-3.1844557979518653,E,55.94581251795706,-3.184155797951865,1386.1074,1525.5555
55.94581251795706,-3.184155797951865,E,55.94581251795706,-3.184155797951865,1386.1074,1525.5555
55.94581251795706,-3.184155797951865,WSW,55.94569771292735,-3.1847329618116187,1386.1074,1524.3055
55.94569771292735,-3.1847329618116187,W,55.94569771292735,-3.185032961811619,1386.1074,1523.0555
55.94569771292735,-3.185032961811619,WSW,55.94558290789764,-3.1853101256713723,1386.1074,1521.8055
55.94558290789764,-3.1853101256713723,W,55.94558290789764,-3.1856101256713725,1386.1074,1520.5555
55.94558290789764,-3.1856101256713725,WSW,55.94546810286793,-3.185887289531126,1499.9949,1554.1593
55.94546810286793,-3.185887289531126,NE,55.945680234902284,-3.18567515749677,1499.9949,1552.9093
55.945680234902284,-3.18567515749677,SSW,55.94540307104253,-3.1857899625264796,1499.9949,1551.6593
55.94540307104253,-3.1857899625264796,SSW,55.94512590718277,-3.185904767556189,1606.3142,1567.5358
55.94512590718277,-3.185904767556189,NNW,55.94540307104253,-3.1860195725858986,1606.3142,1566.2858
55.94540307104253,-3.1860195725858986,S,55.945103071042524,-3.1860195725858986,1622.0331,1658.3278
55.945103071042524,-3.1860195725858986,SE,55.94489093900817,-3.185807440551543,1622.0331,1657.0778
55.94489093900817,-3.185807440551543,NW,55.945103071042524,-3.1860195725858986,1622.0331,1655.8278
55.945103071042524,-3.1860195725858986,SSW,55.94482590718277,-3.186134377615608,1622.0331,1654.5778
55.94482590718277,-3.186134377615608,SSW,55.94454874332301,-3.1862491826453176,1622.0331,1653.3278
55.94454874332301,-3.1862491826453176,SSW,55.944271579463255,-3.186363987675027,1622.0331,1652.0778
55.944271579463255,-3.186363987675027,SSW,55.9439944156035,-3.1864787927047367,1622.0331,1650.8278
55.9439944156035,-3.1864787927047367,SSW,55.94371725174374,-3.186593597734446,1622.0331,1649.5778
55.94371725174374,-3.186593597734446,SSW,55.943440087883985,-3.1867084027641557,1622.0331,1648.3278
55.943440087883985,-3.1867084027641557,SSW,55.94316292402423,-3.186823207793865,1622.0331,1647.0778
55.94316292402423,-3.186823207793865,SSW,55.94288576016447,-3.1869380128235747,1646.0597,1762.9244
55.94288576016447,-3.1869380128235747,SSW,55.942608596304716,-3.187052817853284,1646.0597,1762.9244
55.942608596304716,-3.187052817853284,SSW,55.942608596304716,-3.187052817853284,1646.0597,1762.9244
55.942608596304716,-3.187052817853284,W,55.94300056519418,-3.187215176683328,1646.0597,1761.6744
55.94300056519418,-3.187215176683328,W,55.94311537022389,-3.1874923405430815,1646.0597,1760.4244
55.94311537022389,-3.1874923405430815,W,55.9432301752536,-3.187769504402835,1646.0597,1759.1744
55.9432301752536,-3.187769504402835,W,55.943344980283314,-3.1880466682625883,1646.0597,1757.9244
55.943344980283314,-3.1880466682625883,W,55.943459785313024,-3.1883238321223417,1646.0597,1756.6744
55.943459785313024,-3.1883238321223417,W,55.943574590342735,-3.188600995982095,1646.0597,1755.4244
55.943574590342735,-3.188600995982095,W,55.943689395372445,-3.1888781598418485,1646.0597,1754.1744
55.943689395372445,-3.1888781598418485,W,55.943804200402155,-3.189155323701602,1646.0597,1752.9244
55.943804200402155,-3.189155323701602,W,55.943919005431866,-3.1894324875613553,1646.0597,1751.6744
55.943919005431866,-3.1894324875613553,W,55.944033810461576,-3.1897096514211087,1646.0597,1750.4244
55.944033810461576,-3.1897096514211087,W,55.94414861549129,-3.189986815280862,1646.0597,1749.1744
55.94414861549129,-3.189986815280862,W,55.944263420521,-3.1902639791406155,1646.0597,1747.9244
55.944263420521,-3.1902639791406155,W,55.94437822555071,-3.190541143000369,1646.0597,1746.6744
55.94437822555071,-3.190541143000369,W,55.94449303058042,-3.1908183068601224,1646.0597,1745.4244
55.94449303058042,-3.1908183068601224,W,55.94460783561013,-3.1910954707198758,1646.0597,1744.1744
55.94460783561013,-3.1910954707198758,W,55.94472264063984,-3.191372634579629,1646.0597,1742.9244
55.94472264063984,-3.191372634579629,W,55.94483744566955,-3.1916497984393826,1646.0597,1741.6744
55.94483744566955,-3.1916497984393826,W,55.94495225069926,-3.191926962299136,1646.0597,1740.4244
55.94495225069926,-3.191926962299136,W,55.94506705572897,-3.1922041261588894,1646.0597,1739.1744
55.94506705572897,-3.1922041261588894,NW,55.945279187763326,-3.192416258193245,1731.4858,1775.9382
55.945279187763326,-3.192416258193245,W,55.945279187763326,-3.1927162581932453,1731.4858,1775.9382
55.945279187763326,-3.1927162581932453,W,55.945279187763326,-3.1927162581932453,1731.4858,1775.9382
