55.944425,-3.188396,W,55.94453980502971,-3.1886731638597534,0.0,248.75
55.94453980502971,-3.1886731638597534,W,55.94465461005942,-3.188950327719507,30.592527,332.06635
55.94465461005942,-3.188950327719507,ESE,55.94453980502971,-3.1886731638597534,30.592527,330.81635
55.94453980502971,-3.1886731638597534,NE,55.94475193706407,-3.1884610318253976,-73.02359,210.40485
55.94475193706407,-3.1884610318253976,NE,55.944964069098425,-3.188248899791042,33.77588,282.52875
55.944964069098425,-3.188248899791042,E,55.944964069098425,-3.1879488997910417,33.77588,281.27875
55.944964069098425,-3.1879488997910417,W,55.944964069098425,-3.188248899791042,33.77588,280.02875
55.944964069098425,-3.188248899791042,E,55.944964069098425,-3.1879488997910417,33.77588,278.77875
55.944964069098425,-3.1879488997910417,ENE,55.945078874128136,-3.1876717359312883,33.77588,277.52875
55.945078874128136,-3.1876717359312883,E,55.945078874128136,-3.187371735931288,53.538574,340.5028
55.945078874128136,-3.187371735931288,W,55.945193679157846,-3.1876488997910415,53.538574,339.2528
55.945193679157846,-3.1876488997910415,S,55.94489367915784,-3.1876488997910415,53.538574,338.0028
55.94489367915784,-3.1876488997910415,S,55.94459367915784,-3.1876488997910415,53.538574,336.7528
55.94459367915784,-3.1876488997910415,SSE,55.944316515298084,-3.187534094761332,80.53185,379.1341
55.944316515298084,-3.187534094761332,S,55.94401651529808,-3.187534094761332,80.53185,377.8841
55.94401651529808,-3.187534094761332,N,55.944316515298084,-3.187534094761332,80.53185,376.6341
55.944316515298084,-3.187534094761332,ESE,55.94420171026837,-3.1872569309015786,80.53185,375.3841
55.94420171026837,-3.1872569309015786,ESE,55.94408690523866,-3.186979767041825,80.53185,374.1341
55.94408690523866,-3.186979767041825,ESE,55.94397210020895,-3.1867026031820718,176.52246,495.75464
55.94397210020895,-3.1867026031820718,ENE,55.94408690523866,-3.1864254393223184,176.52246,494.50464
55.94408690523866,-3.1864254393223184,WSW,55.94397210020895,-3.1867026031820718,176.52246,493.25464
55.94397210020895,-3.1867026031820718,SE,55.9437599681746,-3.186490471147716,231.04732,600.1595
55.9437599681746,-3.186490471147716,ESE,55.943645163144886,-3.1862133072879626,231.04732,598.9095
55.943645163144886,-3.1862133072879626,W,55.9437599681746,-3.186490471147716,231.04732,597.6595
55.9437599681746,-3.186490471147716,ESE,55.943645163144886,-3.1862133072879626,231.04732,596.4095
55.943645163144886,-3.1862133072879626,ESE,55.943530358115176,-3.185936143428209,243.62592,703.4451
55.943530358115176,-3.185936143428209,ESE,55.943415553085465,-3.185658979568456,243.62592,702.1951
55.943415553085465,-3.185658979568456,W,55.943530358115176,-3.185936143428209,243.62592,700.9451
55.943530358115176,-3.185936143428209,NNE,55.94380752197493,-3.1858213383984997,243.62592,699.6951
55.94380752197493,-3.1858213383984997,N,55.944107521974935,-3.1858213383984997,340.67538,818.01587
55.944107521974935,-3.1858213383984997,ESE,55.943992716945225,-3.1855441745387463,340.67538,816.76587
55.943992716945225,-3.1855441745387463,W,55.944107521974935,-3.1858213383984997,376.61844,874.05975
55.944107521974935,-3.1858213383984997,N,55.94440752197494,-3.1858213383984997,460.6436,906.59186
55.94440752197494,-3.1858213383984997,N,55.94470752197494,-3.1858213383984997,460.6436,905.34186
55.94470752197494,-3.1858213383984997,S,55.94440752197494,-3.1858213383984997,460.6436,904.09186
55.94440752197494,-3.1858213383984997,ESE,55.94429271694523,-3.1855441745387463,460.6436,902.84186
55.94429271694523,-3.1855441745387463,E,55.94429271694523,-3.185244174538746,460.6436,901.59186
55.94429271694523,-3.185244174538746,E,55.94429271694523,-3.184944174538746,460.6436,900.34186
55.94429271694523,-3.184944174538746,ENE,55.94440752197494,-3.1846670106789925,567.4082,969.2477
55.94440752197494,-3.1846670106789925,SE,55.94419538994058,-3.1844548786446367,567.4082,967.9977
55.94419538994058,-3.1844548786446367,NW,55.94440752197494,-3.1846670106789925,560.15936,956.58984
55.94440752197494,-3.1846670106789925,NW,55.944619654009294,-3.1848791427133483,560.15936,955.33984
55.944619654009294,-3.1848791427133483,NNW,55.94489681786905,-3.1849939477430578,560.15936,954.08984
55.94489681786905,-3.1849939477430578,NW,55.94510894990341,-3.1852060797774135,560.15936,952.83984
55.94510894990341,-3.1852060797774135,NNW,55.94538611376316,-3.185320884807123,560.15936,951.58984
55.94538611376316,-3.185320884807123,NW,55.94559824579752,-3.185533016841479,560.15936,950.33984
55.94559824579752,-3.185533016841479,NNW,55.945875409657276,-3.1856478218711883,667.6546,1046.1648
55.945875409657276,-3.1856478218711883,NW,55.94608754169163,-3.185859953905544,667.6546,1044.9148
55.94608754169163,-3.185859953905544,SE,55.945875409657276,-3.1856478218711883,667.6546,1043.6648
55.945875409657276,-3.1856478218711883,WSW,55.945760604627566,-3.1859249857309417,667.6546,1042.4148
55.945760604627566,-3.1859249857309417,W,55.945760604627566,-3.186224985730942,722.0468,1126.9716
55.945760604627566,-3.186224985730942,WSW,55.945645799597855,-3.1865021495906953,722.0468,1125.7216
55.945645799597855,-3.1865021495906953,NE,55.94585793163221,-3.1862900175563396,722.0468,1124.4716
55.94585793163221,-3.1862900175563396,W,55.94597273666192,-3.186567181416093,636.07776,1115.4117
55.94597273666192,-3.186567181416093,W,55.94608754169163,-3.1868443452758464,678.82446,1185.8091
55.94608754169163,-3.1868443452758464,ENE,55.94620234672134,-3.186567181416093,678.82446,1184.5591
55.94620234672134,-3.186567181416093,WSW,55.94608754169163,-3.1868443452758464,678.82446,1183.3091
55.94608754169163,-3.1868443452758464,WSW,55.94597273666192,-3.1871215091355998,678.82446,1182.0591
55.94597273666192,-3.1871215091355998,WSW,55.94585793163221,-3.187398672995353,678.82446,1180.8091
55.94585793163221,-3.187398672995353,W,55.94585793163221,-3.1876986729953534,678.82446,1179.5591
55.94585793163221,-3.1876986729953534,WSW,55.9457431266025,-3.1879758368551068,678.82446,1178.3091
55.9457431266025,-3.1879758368551068,W,55.9457431266025,-3.188275836855107,678.82446,1177.0591
55.9457431266025,-3.188275836855107,WSW,55.94562832157279,-3.1885530007148604,678.82446,1175.8091
55.94562832157279,-3.1885530007148604,W,55.94562832157279,-3.1888530007148606,712.1454,1199.1326
55.94562832157279,-3.1888530007148606,S,55.94532832157279,-3.1888530007148606,712.1454,1197.8826
55.94532832157279,-3.1888530007148606,NNW,55.945605485432544,-3.18896780574457,712.1454,1196.6326
55.945605485432544,-3.18896780574457,N,55.94590548543255,-3.18896780574457,757.69916,1196.287
55.94590548543255,-3.18896780574457,W,55.94602029046226,-3.1892449696043235,757.69916,1195.037
55.94602029046226,-3.1892449696043235,ESE,55.94590548543255,-3.18896780574457,757.69916,1193.787
55.94590548543255,-3.18896780574457,WSW,55.94579068040284,-3.1892449696043235,799.20874,1230.7257
55.94579068040284,-3.1892449696043235,WSW,55.94567587537313,-3.189522133464077,799.20874,1229.4757
55.94567587537313,-3.189522133464077,NE,55.94588800740748,-3.189310001429721,799.20874,1228.2257
55.94588800740748,-3.189310001429721,W,55.94588800740748,-3.1896100014297213,799.20874,1226.9757
55.94588800740748,-3.1896100014297213,W,55.94588800740748,-3.1899100014297215,799.20874,1225.7257
55.94588800740748,-3.1899100014297215,WSW,55.94577320237777,-3.190187165289475,801.04706,1254.05
55.94577320237777,-3.190187165289475,NW,55.94598533441213,-3.1903992973238307,801.04706,1252.8
55.94598533441213,-3.1903992973238307,SE,55.94577320237777,-3.190187165289475,801.04706,1251.55
55.94577320237777,-3.190187165289475,SW,55.945561070343416,-3.1903992973238307,801.04706,1250.3
55.945561070343416,-3.1903992973238307,SW,55.94534893830906,-3.1906114293581864,868.4183,1333.6111
55.94534893830906,-3.1906114293581864,NNW,55.945626102168816,-3.190726234387896,868.4183,1332.3611
55.945626102168816,-3.190726234387896,NW,55.94583823420317,-3.1909383664222517,901.88855,1411.6842
55.94583823420317,-3.1909383664222517,E,55.94583823420317,-3.1906383664222515,901.88855,1410.4342
55.94583823420317,-3.1906383664222515,W,55.94595303923288,-3.190915530282005,952.18207,1533.9138
55.94595303923288,-3.190915530282005,W,55.94595303923288,-3.191215530282005,952.18207,1532.6638
55.94595303923288,-3.191215530282005,E,55.94595303923288,-3.190915530282005,952.18207,1531.4138
55.94595303923288,-3.190915530282005,WSW,55.94583823420317,-3.1911926941417583,952.18207,1530.1638
55.94583823420317,-3.1911926941417583,WSW,55.94572342917346,-3.1914698580015117,940.9833,1446.4883
55.94572342917346,-3.1914698580015117,W,55.94572342917346,-3.191769858001512,940.9833,1445.2383
55.94572342917346,-3.191769858001512,WSW,55.94560862414375,-3.1920470218612653,978.56964,1470.9325
55.94560862414375,-3.1920470218612653,W,55.94560862414375,-3.1923470218612655,978.56964,1469.6825
55.94560862414375,-3.1923470218612655,ESE,55.94549381911404,-3.192069858001512,978.56964,1468.4325
55.94549381911404,-3.192069858001512,SSW,55.945216655254285,-3.1921846630312216,952.1757,1460.2393
55.945216655254285,-3.1921846630312216,SW,55.94500452321993,-3.1923967950655774,1010.1104,1565.2938
55.94500452321993,-3.1923967950655774,NE,55.945216655254285,-3.1921846630312216,1010.1104,1564.0438
55.945216655254285,-3.1921846630312216,SSW,55.94493949139453,-3.192299468060931,1010.1104,1562.7938
55.94493949139453,-3.192299468060931,S,55.944639491394526,-3.192299468060931,917.9368,1500.1321
55.944639491394526,-3.192299468060931,SSW,55.94436232753477,-3.1924142730906406,917.9368,1498.8821
55.94436232753477,-3.1924142730906406,S,55.944062327534766,-3.1924142730906406,977.9659,1613.6787
55.944062327534766,-3.1924142730906406,N,55.94436232753477,-3.1924142730906406,977.9659,1612.4287
55.94436232753477,-3.1924142730906406,SSE,55.94408516367501,-3.192299468060931,977.9659,1611.1787
55.94408516367501,-3.192299468060931,SE,55.943873031640656,-3.1920873360265754,977.9659,1609.9287
55.943873031640656,-3.1920873360265754,SSE,55.9435958677809,-3.191972530996866,922.08105,1554.0876
55.9435958677809,-3.191972530996866,SE,55.94338373574654,-3.19176039896251,922.25836,1655.1456
55.94338373574654,-3.19176039896251,S,55.94308373574654,-3.19176039896251,922.25836,1653.8956
55.94308373574654,-3.19176039896251,N,55.94338373574654,-3.19176039896251,922.25836,1652.6456
55.94338373574654,-3.19176039896251,SE,55.94317160371219,-3.1915482669281543,922.25836,1651.3956
55.94317160371219,-3.1915482669281543,SE,55.94295947167783,-3.1913361348937985,922.25836,1650.1456
55.94295947167783,-3.1913361348937985,ESE,55.94284466664812,-3.191058971034045,1016.692,1681.5304
55.94284466664812,-3.191058971034045,SE,55.942632534613765,-3.1908468389996893,1016.692,1680.2804
55.942632534613765,-3.1908468389996893,NW,55.94284466664812,-3.191058971034045,1016.692,1679.0304
55.94284466664812,-3.191058971034045,ENE,55.94295947167783,-3.1907818071742917,1016.692,1677.7804
55.94295947167783,-3.1907818071742917,NE,55.94317160371219,-3.190569675139936,1055.16,1765.147
55.94317160371219,-3.190569675139936,ENE,55.9432864087419,-3.1902925112801825,1120.915,1769.5781
55.9432864087419,-3.1902925112801825,WSW,55.94317160371219,-3.190569675139936,1120.915,1768.3281
55.94317160371219,-3.190569675139936,ESE,55.94305679868248,-3.1902925112801825,1120.915,1767.0781
55.94305679868248,-3.1902925112801825,ESE,55.94294199365277,-3.190015347420429,1235.3496,1845.2717
55.94294199365277,-3.190015347420429,E,55.94294199365277,-3.189715347420429,1235.3496,1844.0217
55.94294199365277,-3.189715347420429,W,55.94305679868248,-3.1899925112801824,1235.3496,1842.7717
55.94305679868248,-3.1899925112801824,SE,55.94284466664812,-3.1897803792458266,1235.3496,1841.5217
55.94284466664812,-3.1897803792458266,SE,55.942632534613765,-3.189568247211471,1310.6956,1948.7191
55.942632534613765,-3.189568247211471,NNW,55.94290969847352,-3.1896830522411803,1310.6956,1947.4691
55.94290969847352,-3.1896830522411803,ESE,55.94279489344381,-3.189405888381427,1417.8792,1994.1075
55.94279489344381,-3.189405888381427,E,55.94279489344381,-3.1891058883814267,1417.8792,1992.8575
55.94279489344381,-3.1891058883814267,W,55.94279489344381,-3.189405888381427,1417.8792,1991.6075
